1 B 12.300000 3.120000
2 A 7.770000 6.660000
6422192 d 0.000000 1889037078827604600000000000000000.000000
6422100 c 0.000000 1833527847466048100000000000000000.000000
6422100 \ 0.000000 1833527847466048100000000000000000.000000
6422100 s 0.000000 1833527847466048100000000000000000.000000
6422100 r 0.000000 1833527847466048100000000000000000.000000
6422100 \ 0.000000 1833527847466048100000000000000000.000000
6422100 i 0.000000 1833527847466048100000000000000000.000000
6422100 i 0.000000 1833527847466048100000000000000000.000000
6422100 i 0.000000 1833527847466048100000000000000000.000000
6422100 s 0.000000 1833527847466048100000000000000000.000000
6422100 D 0.000000 1833527847466048100000000000000000.000000
6422100 s 0.000000 1833527847466048100000000000000000.000000
6422100 t 0.000000 1833527847466048100000000000000000.000000
6422100 p 0.000000 1833527847466048100000000000000000.000000
6422100 C 0.000000 1833527847466048100000000000000000.000000
6422100 O 0.000000 1833527847466048100000000000000000.000000
6422100 P 0.000000 1833527847466048100000000000000000.000000
6422100 2 0.000000 1833527847466048100000000000000000.000000
6422100 D 0.000000 1833527847466048100000000000000000.000000
6422100 A 0.000000 1833527847466048100000000000000000.000000
6422100 D 0.000000 1833527847466048100000000000000000.000000
6422100 I 0.000000 1833527847466048100000000000000000.000000
6422100 \ 0.000000 1833527847466048100000000000000000.000000
6422100 r 0.000000 1833527847466048100000000000000000.000000
6422100 u 0.000000 1833527847466048100000000000000000.000000
6422100 v 0.000000 1833527847466048100000000000000000.000000
6422100 s 0.000000 1833527847466048100000000000000000.000000
6422100 " 0.000000 1833527847466048100000000000000000.000000
6422100   0.000000 1833527847466048100000000000000000.000000
6422100 f 0.000000 1833527847466048100000000000000000.000000
6422100 $ 0.000000 1833527847466048100000000000000000.000000
6422100 ) 0.000000 1833527847466048100000000000000000.000000
6422100   0.000000 1833527847466048100000000000000000.000000
6422100 c 0.000000 1833527847466048100000000000000000.000000
6422100   0.000000 1833527847466048100000000000000000.000000
6422100 i 0.000000 1833527847466048100000000000000000.000000
6422100 a 0.000000 1833527847466048100000000000000000.000000
6422100 i 0.000000 1833527847466048100000000000000000.000000
6422100 _ 0.000000 1833527847466048100000000000000000.000000
6422100 s 0.000000 1833527847466048100000000000000000.000000
6422100 r 0.000000 1833527847466048100000000000000000.000000
6422100 t 0.000000 1833527847466048100000000000000000.000000
6422100 . 0.000000 1833527847466048100000000000000000.000000
6422100   0.000000 1833527847466048100000000000000000.000000
6422100   0.000000 1833527847466048100000000000000000.000000
6422100 i 0.000000 1833527847466048100000000000000000.000000
6422100 a 0.000000 1833527847466048100000000000000000.000000
6422100 i 0.000000 1833527847466048100000000000000000.000000
6422100 _ 0.000000 1833527847466048100000000000000000.000000
6422100 s 0.000000 1833527847466048100000000000000000.000000
6422100 r 0.000000 1833527847466048100000000000000000.000000
6422100 t 0.000000 1833527847466048100000000000000000.000000
6422100   0.000000 1833527847466048100000000000000000.000000
6422100   0.000000 1833527847466048100000000000000000.000000
6422100   0.000000 1833527847466048100000000000000000.000000
6422100 f 0.000000 1833527847466048100000000000000000.000000
6422100 $ 0.000000 1833527847466048100000000000000000.000000
6422100 ) 0.000000 1833527847466048100000000000000000.000000
6422100   0.000000 1833527847466048100000000000000000.000000
6422100 b 0.000000 1833527847466048100000000000000000.000000
6422100 n 0.000000 1833527847466048100000000000000000.000000
6422100 r 0.000000 1833527847466048100000000000000000.000000
6422100 o 0.000000 1833527847466048100000000000000000.000000
6422100 e 0.000000 1833527847466048100000000000000000.000000
6422100 c 0.000000 1833527847466048100000000000000000.000000
6422100 i 0.000000 1833527847466048100000000000000000.000000
6422100 a 0.000000 1833527847466048100000000000000000.000000
6422100 
 0.000000 1833527847466048100000000000000000.000000
6422100 d 0.000000 1833527847466048100000000000000000.000000
6422100 c 0.000000 1833527847466048100000000000000000.000000
6422100 \ 0.000000 1833527847466048100000000000000000.000000
6422100 s 0.000000 1833527847466048100000000000000000.000000
6422100 r 0.000000 1833527847466048100000000000000000.000000
6422100 \ 0.000000 1833527847466048100000000000000000.000000
6422100 i 0.000000 1833527847466048100000000000000000.000000
6422100 i 0.000000 1833527847466048100000000000000000.000000
6422100 i 0.000000 1833527847466048100000000000000000.000000
6422100 s 0.000000 1833527847466048100000000000000000.000000
6422100 D 0.000000 1833527847466048100000000000000000.000000
6422100 s 0.000000 1833527847466048100000000000000000.000000
6422100 t 0.000000 1833527847466048100000000000000000.000000
6422100 p 0.000000 1833527847466048100000000000000000.000000
6422100 C 0.000000 1833527847466048100000000000000000.000000
6422100 O 0.000000 1833527847466048100000000000000000.000000
6422100 P 0.000000 1833527847466048100000000000000000.000000
6422100 2 0.000000 1833527847466048100000000000000000.000000
6422100 D 0.000000 1833527847466048100000000000000000.000000
6422100 A 0.000000 1833527847466048100000000000000000.000000
6422100 D 0.000000 1833527847466048100000000000000000.000000
6422100 I 0.000000 1833527847466048100000000000000000.000000
6422100 \ 0.000000 1833527847466048100000000000000000.000000
6422100 r 0.000000 1833527847466048100000000000000000.000000
6422100 u 0.000000 1833527847466048100000000000000000.000000
6422100 v 0.000000 1833527847466048100000000000000000.000000
6422100 s 0.000000 1833527847466048100000000000000000.000000
6422100 " 0.000000 1833527847466048100000000000000000.000000
6422100   0.000000 1833527847466048100000000000000000.000000
6422100 f 0.000000 1833527847466048100000000000000000.000000
6422100 $ 0.000000 1833527847466048100000000000000000.000000
6422100 ) 0.000000 1833527847466048100000000000000000.000000
6422100   0.000000 1833527847466048100000000000000000.000000
6422100 c 0.000000 1833527847466048100000000000000000.000000
6422100   0.000000 1833527847466048100000000000000000.000000
6422100 i 0.000000 1833527847466048100000000000000000.000000
6422100 a 0.000000 1833527847466048100000000000000000.000000
6422100 i 0.000000 1833527847466048100000000000000000.000000
6422100 _ 0.000000 1833527847466048100000000000000000.000000
6422100 s 0.000000 1833527847466048100000000000000000.000000
6422100 r 0.000000 1833527847466048100000000000000000.000000
6422100 t 0.000000 1833527847466048100000000000000000.000000
6422100 . 0.000000 1833527847466048100000000000000000.000000
6422100   0.000000 1833527847466048100000000000000000.000000
6422100   0.000000 1833527847466048100000000000000000.000000
6422100 i 0.000000 1833527847466048100000000000000000.000000
6422100 a 0.000000 1833527847466048100000000000000000.000000
6422100 i 0.000000 1833527847466048100000000000000000.000000
6422100 _ 0.000000 1833527847466048100000000000000000.000000
6422100 s 0.000000 1833527847466048100000000000000000.000000
6422100 r 0.000000 1833527847466048100000000000000000.000000
6422100 t 0.000000 1833527847466048100000000000000000.000000
6422100   0.000000 1833527847466048100000000000000000.000000
6422100   0.000000 1833527847466048100000000000000000.000000
6422100   0.000000 1833527847466048100000000000000000.000000
6422100 f 0.000000 1833527847466048100000000000000000.000000
6422100 $ 0.000000 1833527847466048100000000000000000.000000
6422100 ) 0.000000 1833527847466048100000000000000000.000000
6422100   0.000000 1833527847466048100000000000000000.000000
6422100 b 0.000000 1833527847466048100000000000000000.000000
6422100 n 0.000000 1833527847466048100000000000000000.000000
6422100 r 0.000000 1833527847466048100000000000000000.000000
6422100 o 0.000000 1833527847466048100000000000000000.000000
6422100 e 0.000000 1833527847466048100000000000000000.000000
6422100 c 0.000000 1833527847466048100000000000000000.000000
6422100 i 0.000000 1833527847466048100000000000000000.000000
6422100 a 0.000000